==== BLOCKS ==== 

Disaster Management Center Situation Report on 2025.12.04 at 1900 hrs

No. Districts Families Persons Deaths Missing Fully House

damage

Partially

House Damage

Safety centers Families Persons

1 Puttalam 92,665 322,976 295 140 2,283108 8,84221,1982 Badulla 12,274 45,187 83 28 269 3,896178 6,24621,0023 Monaragala 1,428 4,713 4 1 30 5070 004 Matale 3,834 10,927 28 2 112 2,05241 1,1414,1365 Colombo 79,794 306,585 82 8 1,56293 3,54111,7526 Batticaloa 12,469 34,389 20 11 9431 37997 Kegalle 17,791 62,150 30 41 567 10,613135 3,74112,2698 Trincomalee 25,865 86,173 00 0 66446 4,89715,1699 Anuradhapura 21,344 69,421 7 0 156 1,41731 9513,19010 Mullaitivu 22,792 67,012 00 5 89140 113,17811 Kilinochchi 8,595 27,265 00 2 2940 0012 Ampara 6,900 23,610 8 0 111 49314 6412,20213 Jaffna 16,918 53,828 3 0 2 37012 3541,11414 Polonnaruwa 11,299 40,225 20 218 3,37228 3,71512,87715 Kandy 10,463 33,329 118 171 185 2,656151 4,99220,04016 Rathnapura 18,247 71,226 10 6 6,69011 11040117 Kurunegala 23,876 81,181 56 16 333 2,61848 1,4235,34818 Nuwara Eliya 6,959 24,681 89 73 15 453176 4,76218,27119 Matara 355 1,329 00 034100020 Hambantota 478 1,770 0 0 4 2320 0021 Galle 550 1,733 1 0 049200022 Kalutara 2,013 7,093 00 1 9530 0023 Mannar 37,993 124,125 20 16 8135 2,1816,09224 Gampaha 78,620 322,342 132 111 4,48178 3,30313,05725 Vavuniya 6,320 20,785 20 1 4,1355 135383

Total 519,842 1,844,055 486 341 2,303 52,489 1,231 51,023 171,778

Hiran Thilakarathne Deputy Director Disaster Management Center For Director General