==== BLOCKS ==== 

Disaster Management Center Situation Report on 2025.12.03 at 1600 hrs

No. Districts Families Persons Deaths Missing Fully House

damage

Partially

House Damage

Safety centers Families Persons

1 Puttalam 90,443 328,050 293 891,522141 5,78421,3472 Badulla 12,274 45,187 83 28 2693,896178 6,24621,0023 Monaragala 1,342 4,441 4 1 30497- --4 Matale 3,834 10,927 28 2 11289249 1,5625,5095 Colombo 76,839 294,674 52 81,536103 3,98213,3126 Batticaloa 12,466 34,380 2- 119221 621657 Kegalle 15,686 57,793 30 41 1418,565142 3,71312,3588 Trincomalee 25,553 84,592 -- -63457 6,99121,6149 Anuradhapura 17,010 56,474 7 - 981,07663 1,5814,09810 Mullaitivu 12,691 39,193 24 478940 1,1863,17811 Kilinochchi 8,613 27,227 -- 217211 35296312 Ampara 6,485 22,198 3 - 42265 4401,54913 Jaffna 16,943 53,941 3 - 23618 15846814 Polonnaruwa 10,171 35,018 2- 1073,05126 3,47611,64215 Kandy 8,535 31,373 118 171 1762,539160 5,00120,06416 Rathnapura 17,537 68,670 1- 46,43410 10036017 Kurunegala 21,528 71,638 56 23 9290248 1,5085,37918 Nuwara Eliya 6,959 24,681 89 73 15453123 23411,45319 Matara 355 1,329 -- -341---20 Hambantota 478 1,770 - - 4232- --21 Galle 550 1,733 1 - -492---22 Kalutara 2,013 7,093 -- 1953- --23 Mannar 40,605 136,483 2- 106862 3,76711,80024 Gampaha 40,175 155,140 122 1093,868114 5,43522,14925 Vavuniya 6,320 20,785 2- 14,1356 187564

Total 455,405 1,614,790 479 350 1,289 44,556 1,347 51,765 188,974

K.G. Mahendra Jagath Deputy Director Disaster Management Center For Director General