==== BLOCKS ==== 

Disaster Management Center Situation Report on 2025.12.06 at 0600 hrs

No. Districts Families Persons Deaths Missing Fully House

damage

Partially

House Damage

Safety centers Families Persons

1 Puttalam 97,907 344,585 304199 3,075672,7879,7392 Badulla 12,274 45,187 8328269 3,8961786,24621,0023 Monaragala 1,436 4,748 4135 5070004 Matale 4,007 11,404 289119 2,081441,3734,2555 Colombo 80,682 310,047 8213 2,126863,23810,9396 Batticaloa 12,469 37,389 2011 946137997 Kegalle 19,029 67,161 3041582 11,668546,02720,3818 Trincomalee 25,900 86,258 000 680176252,4669 Anuradhapura 21,610 71,012 70175 1,5861435599510 Mullaitivu 22,918 67,340 005 907401,1913,59111 Kilinochchi 8,878 28,093 002 37400012 Ampara 6,900 23,610 80111 493146412,20213 Jaffna 16,918 53,828 302 370814845814 Polonnaruwa 11,426 40,724 20219 3,40366042,16615 Kandy 51,098 161,140 232811,800 13,0443418,99230,87016 Rathnapura 18,375 71,633 106 7,8511010638917 Kurunegala 24,810 85,284 6111467 3,252451,3575,06918 Nuwara Eliya 10,444 42,886 893515 4531855,73022,99519 Matara 448 1,671 00143700020 Hambantota 3,353 11,733 104 18800021 Galle 518 1,795 10049200022 Kalutara 2,013 7,093 001 95300023 Mannar 37,993 124,125 2016 81352,1816,09224 Gampaha 88,738 362,664 132111 4,507611,9428,44625 Vavuniya 6,320 20,785 201 4,1355135383

Total 586,464 2,082,195 607 214 4,164 67,505 1,211 43,715 152,537

J.M.A.R. Jayarathne Director (HR) / Duty Officer Disaster Management Center For Director General