==== BLOCKS ==== 

Disaster Management Center Situation Report on 2025.12.02 at 1800 hrs

No. Districts Families Persons Deaths Missing Fully House

damage

Partially

House Damage

Safety centers Families Persons

1 Puttalam 73,313 271,206 278 44 735142 10,55840,8212 Badulla 12,274 45,187 83 28 269 3,896178 6,24621,0023 Monaragala 1,342 4,441 4 1 30 497- --4 Matale 3,834 10,927 28 2 109 87948 1,5715,5435 Colombo 76,584 295,291 52 6 1,483110 5,41620,2036 Batticaloa 12,466 34,380 2- 11 9223 621,4867 Kegalle 11,884 42,898 22 48 24 2,949142 3,71312,3588 Trincomalee 25,549 84,306 -- - 63458 7,24622,2339 Anuradhapura 13,651 45,406 7 - 34 30751 1,8067,52310 Mullaitivu 12,691 39,193 24 4 78940 1,1863,17811 Kilinochchi 8,264 25,631 -- 2 14521 1,0523,15412 Ampara 6,485 22,198 3 - 4 2265 4401,54913 Jaffna 16,849 53,727 3 - 2 35229 6932,21514 Polonnaruwa 9,142 31,540 2- 13 2,00925 3,32711,11015 Kandy 11,751 39,844 118 171 58 677176 5,00120,06416 Rathnapura 17,383 67,986 1- 3 6,34517 18359017 Kurunegala 16,329 56,416 53 27 71 76675 3,09311,01518 Nuwara Eliya 6,959 24,681 89 73 15 453123 23411,45319 Matara 355 1,329 -- -272---20 Hambantota 53 199 - - 4 109- --21 Galle 368 1,226 1 - -492---22 Kalutara 2,013 7,093 -- 1 9532 51723 Mannar 40,605 136,483 2- 10 6862 3,76711,80024 Gampaha 51,043 196,546 112 68 1,324118 5,79723,64225 Vavuniya 6,320 20,785 2- 1 4,1358 4791,796

Total 437,507 1,558,919 465 366 783 31,417 1,433 61,875 232,752

Hiran Thilakarathne Deputy Director Disaster Management Center For Director General