==== BLOCKS ==== 

Disaster Management Center Situation Report on 2025.12.03 at 1000 hrs

No. Districts Families Persons Deaths Missing Fully House

damage

Partially

House Damage

Safety centers Families Persons

1 Puttalam 90,443 328,050 293 891,522141 5,78421,3472 Badulla 12,274 45,187 83 28 2693,896178 6,24621,0023 Monaragala 1,342 4,441 4 1 30497- --4 Matale 3,834 10,927 28 2 10987947 1,5625,5095 Colombo 76,584 295,291 52 61,483110 5,41620,2036 Batticaloa 12,466 34,380 2- 119223 621,4867 Kegalle 14,845 47,116 29 43 1118,358142 3,71312,3588 Trincomalee 25,553 84,592 -- -63457 6,99121,6149 Anuradhapura 13,651 45,406 7 - 3430751 1,8067,52310 Mullaitivu 12,691 39,193 24 478940 1,1863,17811 Kilinochchi 8,613 27,227 -- 217211 35296312 Ampara 6,485 22,198 3 - 42265 4401,54913 Jaffna 16,943 53,941 3 - 235826 6181,83114 Polonnaruwa 9,142 31,540 2- 132,00925 3,32711,11015 Kandy 11,751 39,844 118 171 58677176 5,00120,06416 Rathnapura 17,537 68,670 1- 46,43410 10036017 Kurunegala 17,803 61,354 53 27 9290256 1,5805,80018 Nuwara Eliya 6,959 24,681 89 73 15453123 23411,45319 Matara 355 1,329 -- -272---20 Hambantota 65 235 - - 4117- --21 Galle 368 1,226 1 - -492---22 Kalutara 2,013 7,093 -- 19532 51723 Mannar 40,605 136,483 2- 106862 3,76711,80024 Gampaha 40,175 155,140 112 1023,803114 5,38122,14425 Vavuniya 6,320 20,785 2- 14,1356 187564

Total 448,817 1,586,329 474 356 971 40,358 1,385 53,758 201,875

H.D.G.Priyantha Deputy Director Disaster Management Center For Director General