==== BLOCKS ==== 

Disaster Management Center Situation Report on 2025.12.02 at 0600 hrs

No. Districts Families Persons Deaths Missing Fully House

damage

Partially

House Damage

Safety centers Families Persons

1 Puttalam 47,222 173,165 104 -7275 4,10414,3282 Badulla 10,600 38,439 82 48 2263,058181 6,68523,7773 Monaragala 1,304 4,314 3 1 23420- --4 Matale 3,142 10,776 24 6 -4441 1,3165,1455 Colombo 68,857 269,403 32 61,426107 5,56120,2936 Batticaloa 12,104 34,377 2- 119223 371,6657 Kegalle 11,884 42,898 22 48 242,949169 4,64717,4048 Trincomalee 22,232 72,254 -- -47661 5,22815,7759 Anuradhapura 10,466 35,796 7 - 1123826 7651,78110 Mullaitivu 7,581 23,789 1- 430539 1,0972,91511 Kilinochchi 8,225 25,494 -- 212327 1,4274,09712 Ampara 6,465 22,127 3 - 32095 4401,54913 Jaffna 14,624 46,638 3 2 223759 1,7105,44314 Polonnaruwa 9,142 31,540 2- -26027 3,34811,18615 Kandy 10,873 36,765 88 150 7390176 5,00120,06416 Rathnapura 16,130 62,866 -- -86629 3171,04317 Kurunegala 15,774 54,657 52 27 7169979 3,23511,48918 Nuwara Eliya 2,691 12,304 75 62 1545361 1,9148,65419 Matara 355 1,329 -- -272---20 Hambantota 53 199 - - 4109- --21 Galle 368 1,226 1 - -492---22 Kalutara 2,013 7,093 -- -8514 7624123 Mannar 37,569 127,269 1- -1783 5,37917,32424 Gampaha 56,854 218,899 92 22800106 4,79917,96825 Vavuniya 6,123 20,282 2- 1-10 7042,456

Total 382,651 1,373,899 390 352 432 15,688 1,368 57,790 204,597

CI R.D. Dalugoda Disaster Management Center For Director General