==== BLOCKS ==== 

Disaster Management Center Situation Report on 2025.12.02 at 1000 hrs

No. Districts Families Persons Deaths Missing Fully House

damage

Partially

House Damage

Safety centers Families Persons

1 Puttalam 73,313 271,206 278 44 735142 10,55840,8212 Badulla 12,274 45,187 83 28 269 3,896178 6,24621,0023 Monaragala 1,304 4,314 3 1 23 420- --4 Matale 3,142 10,776 24 6 - 4441 1,3165,1455 Colombo 68,857 269,403 32 6 1,426107 5,56120,2936 Batticaloa 12,104 34,377 2- 11 9223 371,6657 Kegalle 11,884 42,898 22 48 24 2,949169 4,64717,4048 Trincomalee 22,594 73,388 -- - 62061 5,22815,7759 Anuradhapura 10,466 35,796 7 - 11 23826 7651,78110 Mullaitivu 7,581 23,789 1- 4 30539 1,0972,91511 Kilinochchi 8,225 25,494 -- 2 12327 1,4274,09712 Ampara 6,465 22,127 3 - 3 2095 4401,54913 Jaffna 14,624 46,638 3 2 2 23759 1,7105,44314 Polonnaruwa 9,142 31,540 2- - 26027 3,34811,18615 Kandy 10,873 36,765 88 150 7 390176 5,00120,06416 Rathnapura 16,130 62,866 -- - 86629 3171,04317 Kurunegala 15,774 54,657 52 27 71 69979 3,23511,48918 Nuwara Eliya 2,691 12,304 75 62 15 45361 1,9148,65419 Matara 355 1,329 -- -272---20 Hambantota 53 199 - - 4 109- --21 Galle 368 1,226 1 - -492---22 Kalutara 2,013 7,093 -- - 8514 7624123 Mannar 37,569 127,269 1- - 1783 5,37917,32424 Gampaha 53,473 205,189 112 68 1,324117 5,70223,32825 Vavuniya 6,320 20,785 2- 1 2,4148 4791,796

Total 407,594 1,466,615 410 336 565 20,271 1,441 64,483 233,015

NLO Lcdr NKNI Wijesinghe Disaster Management Center For Director General